0.673643922711
0.146287925004
0.059820608527
0.031697700931
0.019358287305
0.012933272346
0.009193158625
0.006837868923
0.005265293128
0.004166701951
0.003371040086
0.002777560301
0.002323915321
0.001969910312
0.001688724636
0.001461928529
0.001276532822
0.001123178093
0.00099498778
0.000886821517
0.000794777043
0.000715850644
0.000647701104
0.000588482706
0.000536725187
0.000491246179
0.00045108649
0.000415461683
0.000383725432
0.000355341508
0.00032986215
0.000306911211
0.00028617093
0.000267371444
0.000250282438
0.000234706428
0.000220473338
0.000207436089
0.000195466987
0.00018445476
0.000174302102
0.000164923633
0.000156244203
0.000148197464
0.000140724667
0.000133773652
0.000127297986
0.000121256228
0.000115611306
0.000110329976
0.000105382365
0.000100741568
0.000096383307
0.000092285629
0.000088428647
0.000084794311
0.000081366213
0.000078129408
0.000075070266
0.000072176334
0.000069436215
0.000066839468
0.00006437651
0.000062038538
0.000059817448
0.000057705776
0.000055696635
0.000053783666
0.000051960988
0.000050223157
0.000048565126
0.000046982214
0.000045470073
0.000044024662
0.000042642218
0.000041319238
0.000040052455
0.000038838819
0.000037675482
0.000036559783
0.00003548923
0.00003446149
0.000033474376
0.000032525839
0.000031613953
0.00003073691
0.000029893012
0.000029080658
0.000028298344
0.000027544653
0.000026818248
0.000026117868
0.000025442324
0.000024790492
0.000024161311
0.000023553777
0.00002296694
0.0000223999
0.000021851807
0.000021321853
0.000020809272
0.00002031334
0.000019833367
0.000019368698
0.000018918712
0.000018482817
0.000018060452
0.000017651082
0.000017254198
0.000016869315
0.00001649597
0.000016133724
0.000015782156
0.000015440867
0.000015109474
0.000014787611
0.00001447493
0.000014171099
0.000013875798
0.000013588723
0.000013309583
0.0000130381
0.000012774005
0.000012517044
0.000012266973
0.000012023556
0.000011786568
0.000011555794
0.000011331028
0.00001111207
0.00001089873
0.000010690826
0.000010488181
0.000010290627
0.000010098002
0.00000991015
0.000009726921
0.00000954817
0.00000937376
0.000009203556
0.00000903743
0.000008875258
0.000008716922
0.000008562306
0.000008411299
0.000008263796
0.000008119692
0.00000797889
0.000007841294
0.00000770681
0.000007575351
0.00000744683
0.000007321164
0.000007198273
0.00000707808
0.00000696051
0.00000684549
0.000006732951
0.000006622826
0.000006515048
0.000006409555
0.000006306286
0.000006205182
0.000006106185
0.00000600924
0.000005914293
0.000005821293
0.000005730189
0.000005640933
0.000005553478
0.000005467777
0.000005383786
0.000005301463
0.000005220765
0.000005141653
0.000005064088
0.00000498803
0.000004913444
0.000004840294
0.000004768544
0.000004698162
0.000004629115
0.00000456137
0.000004494897
0.000004429666
0.000004365647
0.000004302814
0.000004241137
0.000004180591
0.000004121149
0.000004062787
0.000004005479
0.000003949202
0.000003893932
0.000003839647
0.000003786326
0.000003733946
0.000003682487
0.000003631928
0.00000358225
0.000003533434
0.000003485462
0.000003438314
0.000003391973
0.000003346422
0.000003301644
0.000003257622
0.000003214342
0.000003171787
0.000003129941
0.000003088792
0.000003048322
0.00000300852
0.000002969371
0.000002930862
0.00000289298
0.000002855711
0.000002819045
0.000002782968
0.000002747469
0.000002712536
0.000002678158
0.000002644325
0.000002611025
0.000002578248
0.000002545983
0.000002514222
0.000002482954
0.000002452169
0.000002421859
0.000002392014
0.000002362625
0.000002333684
0.000002305182
0.000002277112
0.000002249465
0.000002222232
0.000002195407
0.000002168982
0.000002142949
0.000002117302
0.000002092033
0.000002067135
0.000002042602
0.000002018427
0.000001994603
0.000001971125
0.000001947985
0.000001925179
0.0000019027
0.000001880542
0.0000018587
0.000001837168
0.00000181594
0.000001795012
0.000001774379
0.000001754034
0.000001733973
0.000001714192
0.000001694685
0.000001675448
0.000001656477
0.000001637766
0.000001619311
0.000001601108
0.000001583153
0.000001565442
0.00000154797
0.000001530734
0.00000151373
0.000001496953
0.000001480401
0.000001464069
0.000001447954
0.000001432053
0.000001416361
0.000001400876
0.000001385594
0.000001370512
0.000001355627
0.000001340936
0.000001326435
0.000001312121
0.000001297993
0.000001284045
0.000001270277
0.000001256685
0.000001243266
0.000001230017
0.000001216937
0.000001204021
0.000001191269
0.000001178677
0.000001166243
0.000001153964
0.000001141839
0.000001129864
0.000001118037
0.000001106357
0.000001094821
0.000001083427
0.000001072173
0.000001061057
0.000001050076
0.000001039229
0.000001028513
0.000001017927
0.00000100747
0.000000997138
0.00000098693
0.000000976845
0.00000096688
0.000000957034
0.000000947305
0.000000937692
0.000000928193
0.000000918805
0.000000909528
0.000000900361
0.0000008913
0.000000882346
0.000000873496
0.000000864749
0.000000856104
0.000000847559
0.000000839112
0.000000830763
0.00000082251
0.000000814351
0.000000806286
0.000000798313
0.000000790431
0.000000782639
0.000000774935
0.000000767318
0.000000759787
0.00000075234
0.000000744978
0.000000737698
0.0000007305
0.000000723382
0.000000716343
0.000000709382
0.000000702499
0.000000695692
0.00000068896
0.000000682302
0.000000675717
0.000000669205
0.000000662764
0.000000656393
0.000000650092
0.000000643859
0.000000637694
0.000000631596
0.000000625564
0.000000619597
0.000000613694
0.000000607855
0.000000602078
0.000000596363
0.000000590709
0.000000585115
0.000000579581
0.000000574106
0.000000568688
0.000000563328
0.000000558025
0.000000552777
0.000000547585
0.000000542447
0.000000537362
0.000000532332
0.000000527353
0.000000522426
0.000000517551
0.000000512726
0.000000507951
0.000000503226
0.000000498549
0.000000493921
0.00000048934
0.000000484806
0.000000480318
0.000000475877
0.00000047148
0.000000467129
0.000000462822
0.000000458558
0.000000454338
0.00000045016
0.000000446025
0.000000441931
0.000000437879
0.000000433867
0.000000429895
0.000000425964
0.000000422071
0.000000418218
0.000000414402
0.000000410625
0.000000406885
0.000000403183
0.000000399517
0.000000395887
0.000000392293
0.000000388734
0.000000385211
0.000000381722
0.000000378267
0.000000374846
0.000000371458
0.000000368104
0.000000364782
0.000000361493
0.000000358235
0.000000355009
0.000000351814
0.00000034865
0.000000345517
0.000000342414
0.000000339341
0.000000336297
0.000000333282
0.000000330297
0.00000032734
0.000000324411
0.00000032151
0.000000318637
0.000000315791
0.000000312972
0.00000031018
0.000000307414
0.000000304674
0.000000301961
0.000000299272
0.00000029661
0.000000293972
0.000000291359
0.00000028877
0.000000286206
0.000000283666
0.00000028115
0.000000278657
0.000000276187
0.00000027374
0.000000271316
0.000000268914
0.000000266535
0.000000264178
0.000000261842
0.000000259528
0.000000257236
0.000000254964
0.000000252714
0.000000250484
0.000000248275
0.000000246085
0.000000243916
0.000000241767
0.000000239637
0.000000237527
0.000000235436
0.000000233364
0.000000231311
0.000000229277
0.000000227261
0.000000225263
0.000000223283
0.000000221321
0.000000219377
0.000000217451
0.000000215541
0.000000213649
0.000000211774
0.000000209916
0.000000208074
0.000000206249
0.000000204441
0.000000202648
0.000000200872
0.000000199111
0.000000197366
0.000000195636
0.000000193922
0.000000192224
0.00000019054
0.000000188871
0.000000187217
0.000000185577
0.000000183952
0.000000182342
0.000000180745
0.000000179163
0.000000177595
0.00000017604
0.000000174499
0.000000172972
0.000000171458
0.000000169957
0.00000016847
0.000000166995
0.000000165533
0.000000164084
0.000000162648
0.000000161224
0.000000159813
0.000000158414
0.000000157027
0.000000155652
0.000000154289
0.000000152938
0.000000151599
0.000000150271
0.000000148955
0.00000014765
0.000000146356
0.000000145074
0.000000143802
0.000000142542
0.000000141292
0.000000140053
0.000000138825
0.000000137607
0.0000001364
0.000000135203
0.000000134017
0.00000013284
0.000000131674
0.000000130518
0.000000129371
0.000000128235
0.000000127108
0.00000012599
0.000000124882
0.000000123784
0.000000122695
0.000000121615
0.000000120545
0.000000119483
0.000000118431
0.000000117387
0.000000116352
0.000000115326
0.000000114309
0.0000001133
0.0000001123
0.000000111309
0.000000110325
0.000000109351
0.000000108384
0.000000107425
0.000000106475
0.000000105532
0.000000104598
0.000000103671
0.000000102752
0.000000101841
0.000000100938
0.000000100042
0.000000099153
0.000000098273
0.000000097399
0.000000096533
0.000000095674
0.000000094822
0.000000093978
0.00000009314
0.00000009231
0.000000091486
0.00000009067
0.00000008986
0.000000089057
0.00000008826
0.000000087471
0.000000086688
0.000000085911
0.000000085141
0.000000084377
0.00000008362
0.000000082869
0.000000082124
0.000000081386
0.000000080653
0.000000079927
0.000000079207
0.000000078492
0.000000077784
0.000000077082
0.000000076385
0.000000075694
0.000000075009
0.00000007433
0.000000073656
0.000000072988
0.000000072325
0.000000071668
0.000000071016
0.00000007037
0.000000069729
0.000000069094
0.000000068463
0.000000067838
0.000000067218
0.000000066604
0.000000065994
0.000000065389
0.00000006479
0.000000064195
0.000000063605
0.000000063021
0.000000062441
0.000000061865
0.000000061295
0.000000060729
0.000000060168
0.000000059612
0.00000005906
0.000000058513
0.00000005797
0.000000057432
0.000000056898
0.000000056369
0.000000055844
0.000000055323
0.000000054807
0.000000054295
0.000000053787
0.000000053284
0.000000052784
0.000000052289
0.000000051798
0.000000051311
0.000000050828
0.000000050349
0.000000049873
0.000000049402
0.000000048935
0.000000048472
0.000000048012
0.000000047556
0.000000047104
0.000000046656
0.000000046212
0.000000045771
0.000000045334
0.0000000449
0.00000004447
0.000000044044
0.000000043621
0.000000043202
0.000000042786
0.000000042374
0.000000041965
0.000000041559
0.000000041157
0.000000040758
0.000000040363
0.000000039971
0.000000039582
0.000000039196
0.000000038813
0.000000038434
0.000000038058
0.000000037685
0.000000037315
0.000000036948
0.000000036585
0.000000036224
0.000000035866
0.000000035512
0.00000003516
0.000000034811
0.000000034465
0.000000034122
0.000000033782
0.000000033445
0.000000033111
0.000000032779
0.000000032451
0.000000032125
0.000000031801
0.000000031481
0.000000031163
0.000000030848
0.000000030535
0.000000030225
0.000000029918
0.000000029613
0.000000029311
0.000000029012
0.000000028715
0.00000002842
0.000000028128
0.000000027839
0.000000027552
0.000000027267
0.000000026985
0.000000026705
0.000000026428
0.000000026153
0.00000002588
0.00000002561
0.000000025342
0.000000025076
0.000000024812
0.000000024551
0.000000024292
0.000000024035
0.000000023781
0.000000023528
0.000000023278
0.00000002303
0.000000022784
0.00000002254
0.000000022299
0.000000022059
0.000000021822
0.000000021586
0.000000021353
0.000000021121
0.000000020892
0.000000020664
0.000000020439
0.000000020216
0.000000019994
0.000000019775
0.000000019557
0.000000019341
0.000000019127
0.000000018915
0.000000018705
0.000000018497
0.00000001829
0.000000018086
0.000000017883
0.000000017682
0.000000017483
0.000000017285
0.00000001709
0.000000016896
0.000000016703
0.000000016513
0.000000016324
0.000000016137
0.000000015951
0.000000015767
0.000000015585
0.000000015405
0.000000015226
0.000000015048
0.000000014873
0.000000014699
0.000000014526
0.000000014355
0.000000014186
0.000000014018
0.000000013851
0.000000013686
0.000000013523
0.000000013361
0.000000013201
0.000000013042
0.000000012885
0.000000012729
0.000000012574
0.000000012421
0.000000012269
0.000000012119
0.00000001197
0.000000011823
0.000000011676
0.000000011532
0.000000011388
0.000000011246
0.000000011105
0.000000010966
0.000000010828
0.000000010691
0.000000010556
0.000000010421
0.000000010289
0.000000010157
0.000000010026
0.000000009897
0.000000009769
0.000000009643
0.000000009517
0.000000009393
0.00000000927
0.000000009148
0.000000009027
0.000000008908
0.000000008789
0.000000008672
0.000000008556
0.000000008441
0.000000008328
0.000000008215
0.000000008103
0.000000007993
0.000000007884
0.000000007775
0.000000007668
0.000000007562
0.000000007457
0.000000007353
0.00000000725
0.000000007148
0.000000007048
0.000000006948
0.000000006849
0.000000006751
0.000000006654
0.000000006559
0.000000006464
0.00000000637
0.000000006277
0.000000006185
0.000000006094
0.000000006004
0.000000005915
0.000000005827
0.00000000574
0.000000005654
0.000000005569
0.000000005484
0.000000005401
0.000000005318
0.000000005237
0.000000005156
0.000000005076
0.000000004997
0.000000004919
0.000000004841
0.000000004765
0.000000004689
0.000000004614
0.00000000454
0.000000004467
0.000000004395
0.000000004323
0.000000004253
0.000000004183
0.000000004114
0.000000004045
0.000000003978
0.000000003911
0.000000003845
0.00000000378
0.000000003715
0.000000003652
0.000000003589
0.000000003526
0.000000003465
0.000000003404
0.000000003344
0.000000003285
0.000000003226
0.000000003168
0.000000003111
0.000000003055
0.000000002999
0.000000002944
0.000000002889
0.000000002835
0.000000002782
0.00000000273
0.000000002678
0.000000002627
0.000000002577
0.000000002527
0.000000002478
0.000000002429
0.000000002381
0.000000002334
0.000000002287
0.000000002241
0.000000002196
0.000000002151
0.000000002107
0.000000002063
0.00000000202
0.000000001978
0.000000001936
0.000000001895
0.000000001854
0.000000001814
0.000000001775
0.000000001736
0.000000001697
0.000000001659
0.000000001622
0.000000001585
0.000000001549
0.000000001513
0.000000001478
0.000000001444
0.00000000141
0.000000001376
0.000000001343
0.00000000131
0.000000001278
0.000000001247
0.000000001216
0.000000001185
0.000000001155
0.000000001125
0.000000001096
0.000000001068
0.000000001039
0.000000001012
0.000000000985
0.000000000958
0.000000000932
0.000000000906
0.00000000088
0.000000000855
0.000000000831
0.000000000807
0.000000000783
0.00000000076
0.000000000737
0.000000000715
0.000000000693
0.000000000671
0.00000000065
0.00000000063
0.000000000609
0.00000000059
0.00000000057
0.000000000551
0.000000000532
0.000000000514
0.000000000496
0.000000000479
0.000000000462
0.000000000445
0.000000000428
0.000000000412
0.000000000397
0.000000000381
0.000000000366
0.000000000352
0.000000000338
0.000000000324
0.00000000031
0.000000000297
0.000000000284
0.000000000272
0.00000000026
0.000000000248
0.000000000236
0.000000000225
0.000000000214
0.000000000203
0.000000000193
0.000000000183
0.000000000174
0.000000000164
0.000000000155
0.000000000146
0.000000000138
0.00000000013
0.000000000122
0.000000000114
0.000000000107
0.0000000001
0.000000000093
0.000000000087
0.000000000081
0.000000000075
0.000000000069
0.000000000063
0.000000000058
0.000000000053
0.000000000049
0.000000000044
0.00000000004
0.000000000036
0.000000000032
0.000000000029
0.000000000025
0.000000000022
0.00000000002
0.000000000017
0.000000000015
0.000000000012
0.00000000001
0.000000000008
0.000000000007
0.000000000005
0.000000000004
0.000000000003
0.000000000002
0.000000000001
0.000000000001
0
0
0
